1.524935
1.924441
2.231887
2.649138
2.285697
2.118729
2.506636
2.081245
2.261018
2.305065
2.111313
2.557156
2.524857
2.544494
2.560688
2.138657
2.270492
2.725044
2.431639
3.053526
2.914383
2.091354
2.135517
2.372891
2.133966
2.160685
2.174759
2.136251
2.419849
2.143631
1.60342
1.782297
1.785725
1.539348
1.215522
1.331879
1.500984
1.942308
1.66423
1.86151
2.008428
2.141895
2.348505
1.989057
1.482562
1.693195
1.685355
1.641901
1.317731
1.453517
1.799266
1.849666
1.901653
1.924359
2.004123
1.952699
2.238169
2.361318
2.045225
1.731399
1.910655
1.763406
1.81894
1.757071
1.59562
1.97105
1.81046
1.611952
1.847222
1.86365
2.370463
2.67235
2.749522
2.734803
2.596539
2.923227
2.968588
1.874982
2.062113
1.699938
2.161215
1.898581
1.937545
2.298386
2.404812
1.910471
1.866525
1.526569
1.429715
1.850481
2.174748
2.488173
2.565137
2.687725
2.801515
2.474223
2.648801
2.768142
3.219262
4.101634
4.791588
3.609004
2.933624
2.74732
2.89054
2.180071
2.478452
2.045055
2.084811
2.052737
2.355891
2.346292
2.058985
2.492323
2.245791
1.590524
1.818405
1.808125
1.972079
2.427752
2.112108
1.885444
1.605761
1.655008
1.736394
1.690397
1.749075
1.605979
1.757407
1.86214
1.860094
1.86718
2.117423
2.113583
2.457987
2.315883
2.459682
2.474151
2.533406
2.43554
2.583602
2.354444
1.944639
2.238784
1.58679
1.979098
1.940915
2.353336
2.680888
2.70637
2.399001
2.660933
2.294501
2.373415
1.87338
1.497237
1.219769
1.383898
1.179475
1.065404
1.303773
1.549011
1.296745
1.485165
1.465039
1.752144
1.72056
1.695449
1.984664
1.929427
1.988835
2.040146
2.239987
1.896724
1.902798
1.923573
2.667175
3.733501
2.842951
2.817378
2.747228
2.500358
2.21681
2.557366
2.326473
2.053444
2.569432
2.525488
2.375764
1.959103
1.710272
1.347613
1.358397
1.520033
1.426026
1.854627
2.359679
2.228787
2.039865
1.889622
2.374564
2.118561
1.956527
1.82397
2.144438
2.178502
2.900987
3.256868
3.323072
3.178912
2.708562
2.452384
2.305968
1.895223
2.008716
1.985884
2.142554
2.204035
2.255837
2.253347
2.409198
2.063387
2.467796
2.887217
2.432336
2.159959
2.057758
1.98434
1.806237
2.027313
2.400008
2.315269
3.025496
2.402308
2.526267
2.401117
2.611201
3.535941
3.165501
3.333798
2.787471
2.344782
1.992142
2.127567
2.393216
2.349675
1.896729
1.989716
2.354942
2.373677
2.105307
2.208547
2.163427
1.796345
2.347635
2.622001
2.408603
2.255868
1.825382
2.334919
2.180519
1.941141
2.328667
2.495311
2.347821
2.247586
1.939374
1.734707
1.626259
2.00436
2.256518
2.257485
1.956133
2.111947
1.866125
1.836049
2.122085
2.031358
1.951166
1.903702
1.686247
2.324826
2.842296
2.319361
2.58632
2.406031
2.596361
3.170392
3.031731
3.353247
2.825367
2.567337
2.324456
2.40153
2.450467
2.284772
2.367729
1.997077
2.198355
1.996298
1.797113
1.822445
1.541668
2.092732
2.438677
2.47656
2.180904
2.319132
2.370885
2.462138
2.06325
1.813165
1.939541
2.172741
2.212875
1.884535
1.741473
1.611808
2.20951
2.013754
1.903015
2.187122
2.304486
2.281059
1.711566
1.943383
1.873131
1.900227
2.393491
2.524525
2.341708
1.86639
2.0315
1.948375
1.88959
1.859102
1.787544
1.664459
1.755225
2.025309
2.054859
2.710764
2.785565
2.761757
3.220487
3.36934
2.834426
3.197287
2.633857
2.724394
2.492554
2.218089
2.395398
2.321549
2.25672
2.621221
2.351255
2.209444
2.284755
1.939157
2.617093
2.482633
2.413731
2.514527
3.231421
3.091905
3.136163
3.090397
2.559731
2.456691
2.519794
2.321368
1.909558
1.80515
1.956153
1.72288
1.745953
2.00975
1.933233
1.952525
1.831184
1.940952
2.221235
2.0772
2.194647
1.7313
1.689796
1.627309
1.641913
1.389379
1.45971
1.457521
1.641079
1.908826
2.151205
2.011378
2.525234
1.966474
2.014903
1.859707
