0.01006889
0.009447817
0.008845947
0.008899985
0.009043525
0.009129944
0.009564758
0.009246349
0.00915474
0.009206872
0.009690367
0.009413633
0.009090053
0.009328339
0.009402383
0.009235444
0.008976979
0.008898744
0.008960262
0.009201772
0.008724256
0.00870669
0.008488948
0.008555982
0.008205485
0.008344267
0.00819128
0.008552414
0.008416227
0.008124573
0.008277783
0.007909554
0.007996829
0.007765675
0.008001857
0.007735538
0.008291108
0.007768021
0.008369899
0.007805347
0.007443167
0.007786262
0.007998803
0.008397923
0.008293011
0.008415633
0.008262383
0.008613803
0.008513143
0.008528363
0.007933891
0.007806964
0.008252831
0.008169058
0.007796064
0.007739901
0.007511823
0.007508613
0.007392123
0.007726462
0.00733362
0.007486474
0.007800753
0.007627286
0.007876535
0.007883636
0.007720416
0.00760853
0.007770817
0.007842355
0.007815842
0.007814695
0.007775109
0.007768561
0.007381364
0.007534198
0.007482349
0.007354506
0.006979239
0.006790363
0.006768029
0.006557578
0.006391468
0.006574829
0.006748428
0.007135798
0.007193
0.007274882
0.007256275
0.007711808
0.007462351
0.007413506
0.007470841
0.0077209
0.007618519
0.00713044
0.007138798
0.007155133
0.006839694
0.00705588
0.007239304
0.007170443
0.007260286
0.007263882
0.007152056
0.007586126
0.00736787
0.007392253
0.007050351
0.007085356
0.00714816
0.007121699
0.007411765
0.007504479
0.007591277
0.007558624
0.007320308
0.007420828
0.007648556
0.007461538
0.00713779
0.007306411
0.006974188
0.007273092
0.007384802
0.007267779
0.007289107
0.007047499
0.006994725
0.007182565
0.007005247
0.00713949
0.007216699
0.007279849
0.007292124
0.007358155
0.007047565
0.007528584
0.007212673
0.007381612
0.007319725
0.007192069
0.007323649
0.007082793
0.007419857
0.007387409
0.007118847
0.007142781
0.00719573
0.00741901
0.00751351
0.007601253
0.00816863
0.008142828
0.00822871
0.008120346
0.008002009
0.007806046
0.007771281
0.007443202
0.007514289
0.007220288
0.007406674
0.007496187
0.00743364
0.007264106
0.007495948
0.007270743
0.007486156
0.007348738
0.007101515
0.007127345
0.007056703
0.007230771
0.007219552
0.007323803
0.007241122
0.00707833
0.007430281
0.006903506
0.006951895
0.007043796
0.006741343
0.006596543
0.006573731
0.00671054
0.007081615
0.007055837
0.006702499
0.006854679
0.006806593
0.006732294
0.006868194
0.006986569
0.00711951
0.007214365
0.007356197
0.007256149
0.007222356
0.007133735
0.00706378
0.007155229
0.007463416
0.007363913
0.007318382
0.007137507
0.007028492
0.007246405
0.007693628
0.007661034
0.007395867
0.00727873
0.007457536
0.007368898
0.007353234
0.007470739
0.007636658
0.007483193
0.007555307
0.007814749
0.008059803
0.008026137
0.007801483
0.007677479
0.007691315
0.007517011
0.007573857
0.007885811
0.007989867
0.008052948
0.007774109
0.007478855
0.007425351
0.007340169
0.007667343
0.007955937
0.008077962
0.0079944
0.008176083
0.00826539
0.008717954
0.008226147
0.008176071
0.008340279
0.008312267
0.008285701
0.008398128
0.008410873
0.008231865
0.00866088
0.008488463
0.00856313
0.009099437
0.009238707
0.008749122
0.008829477
0.009050358
0.009271215
0.008905967
0.008646592
0.008477641
0.008090373
0.007757898
0.00825393
0.008204897
0.008142638
0.008203956
0.007944942
0.007990088
0.008243119
0.008150731
0.007666539
0.007748107
0.007799096
0.00760145
0.007706132
0.007482671
0.007734123
0.007795461
0.00778204
0.007619605
0.0075774
0.008172389
0.008049272
0.008132766
0.007851614
0.008049759
0.00798209
0.007807178
0.007883023
0.007961005
0.008244495
0.008166691
0.007979243
0.007874114
0.007866535
0.008051227
0.008192815
0.008097526
0.008389722
0.008699117
0.008678654
0.008330128
0.008461142
0.00835103
0.008582381
0.008748133
0.008399422
0.008528959
0.008631192
0.008732913
0.009229149
0.009095883
0.009061908
0.008653454
0.008211723
0.008570699
0.008366267
0.008544087
0.008535223
0.008291962
0.008090659
0.007693062
0.00797137
0.007955123
0.007714804
0.008117205
0.008233738
0.007780043
0.007466728
0.00739792
0.007476456
0.007246162
0.007024493
0.006794081
0.006505705
0.006572369
0.006698529
0.006450975
0.006464247
0.006829282
0.006579786
0.006422435
0.006597072
0.006353875
0.006507829
0.006383443
0.006085603
0.005937645
0.006093529
0.006061044
0.006141399
0.006185366
0.006227178
0.005958352
0.005991449
0.006177163
0.006286593
0.006365261
0.00638304
0.006449698
0.006528837
0.006450726
0.00651259
0.006569305
0.006211489
0.006527974
0.006778291
0.006847613
0.006829196
0.006807961
0.006922155
0.006697202
0.006840863
0.006698086
0.006802
0.006780413
0.006587294
0.006659879
0.00662301
0.006490017
0.00651976
0.006603034
0.006561827
0.006276137
0.005992309
0.005935287
0.005914377
0.005667156
0.005550637
0.005580084
0.005452504
0.005374942
0.005190748
0.005460475
0.005681109
0.005690099
0.005767705
0.005718536
0.005623933
