18.4162
18.42308
18.50027
18.44179
18.39171
18.44407
18.3782
18.41421
18.39271
18.60796
18.55996
18.65031
18.76746
18.75944
18.65436
18.62386
18.50267
18.65118
18.53606
18.61368
18.64832
18.86246
18.60528
18.44147
18.60443
18.75723
18.48995
18.58667
18.41217
18.44545
18.85579
18.7881
18.98485
19.03741
18.72177
18.68353
18.59958
18.5218
18.49849
18.78629
18.72027
18.7037
18.73004
18.78323
18.75874
18.84488
18.8028
18.72546
18.65999
18.76323
18.7442
18.66019
18.72846
18.7374
18.45699
18.53509
18.46083
18.65681
18.57039
18.6555
18.6482
18.7937
18.84035
18.54908
18.47883
18.48017
18.45365
18.56485
18.51566
18.67603
18.3236
18.48009
18.44466
18.54087
18.52663
18.57574
18.59553
18.50433
18.57921
18.68346
18.7207
18.73215
18.81078
18.82296
18.71341
18.61067
18.52174
18.7621
18.67455
18.80412
18.69241
18.62887
18.69018
18.71441
18.61891
18.64
18.67918
18.74798
18.69207
18.41342
18.41386
18.44505
18.66595
18.84655
18.82746
18.74975
18.44426
18.42021
18.37333
18.44379
18.46337
18.41698
18.51991
18.49463
18.32705
18.59115
18.63086
18.85521
18.978
19.15759
19.05503
18.912
18.76477
18.81554
18.80518
18.84159
18.62945
18.6632
18.76868
18.66273
18.67634
18.74992
18.66074
18.61596
18.83199
18.78806
18.76971
18.72206
18.46806
18.52814
18.52611
18.65886
18.65542
18.57181
18.58013
18.45923
18.58171
18.63299
18.36782
18.36654
18.56263
18.5595
18.75342
18.90016
18.85274
18.88621
18.76476
18.59165
18.49695
18.60152
18.47998
18.67593
18.68612
19.13506
19.12405
19.17042
19.15912
19.05815
19.02287
18.8752
18.61906
18.50577
18.39878
18.44909
18.53372
18.63665
18.62295
18.42241
18.25359
18.5476
18.59735
18.51694
18.5115
18.69972
18.78978
18.79277
18.72035
18.47906
18.26956
18.40535
18.66295
18.7403
18.82289
18.78178
18.71122
18.67657
18.5513
18.72818
18.8387
18.86293
18.76528
18.75866
18.76771
18.79553
18.88199
18.99351
18.7663
18.77994
18.65945
18.59502
18.64696
18.61581
18.70135
18.72438
18.68526
18.58199
18.74639
18.92107
18.85774
18.75954
18.89147
18.8967
19.00674
19.06094
19.07116
19.05552
18.58889
18.47156
18.52194
18.70953
18.76734
18.88769
18.87625
19.00974
19.03772
19.15157
19.00415
19.14098
18.97252
18.97021
19.0637
18.96877
19.05595
18.83904
18.81476
18.75053
18.6074
18.53049
18.58063
18.52478
18.44233
18.73625
18.67151
18.5801
18.61359
18.47042
18.28599
18.46753
18.32859
18.37571
18.54418
18.60993
18.6986
18.85105
18.95859
18.85948
18.86001
18.88566
18.73687
18.6758
18.59504
18.6458
18.60253
18.67691
18.79391
18.78625
18.82607
18.87397
19.02982
18.97715
18.90217
18.90913
18.75104
18.94558
19.11422
19.17029
19.07433
18.87768
18.83328
18.93705
19.02555
18.95181
18.90481
18.94106
18.78564
19.0198
18.92005
18.76748
18.56461
18.53613
18.60335
18.67033
18.49636
18.59742
18.76013
18.6859
18.71163
18.67341
18.7029
18.8248
18.90655
18.87203
18.8535
18.71053
18.70416
18.96176
18.93763
18.88497
19.01721
19.01496
18.6894
18.81335
18.82545
18.77822
18.87378
18.84828
18.7915
18.79988
18.59302
18.59298
18.70412
18.8698
18.70038
18.59857
18.57548
18.78348
18.64597
18.69369
18.75251
18.67726
18.76059
19.00015
18.92519
18.76957
18.67294
18.76969
18.74433
18.81285
18.85668
18.66511
18.49189
18.4039
18.43604
18.51882
18.46066
18.52002
18.57771
18.63537
18.65721
18.48161
18.47963
18.65672
18.78831
18.75844
18.73684
18.7917
18.58429
18.58645
18.68161
18.67803
18.73756
18.79816
18.7095
18.81125
18.78567
18.84178
18.97655
18.96634
18.85339
18.94177
18.96143
18.70499
18.78745
18.64718
18.71628
18.68495
18.60247
18.45507
18.46362
18.55448
18.69465
18.56683
18.34241
18.49891
18.23668
18.21228
18.28173
18.43566
18.22506
18.31834
