18.44407
18.53666
18.54611
18.55026
18.52589
18.45994
18.60305
18.62471
18.77829
18.71416
18.94446
18.95852
19.01823
19.00822
19.09042
18.91674
19.03277
19.16796
19.23926
19.29738
19.2324
19.42696
19.33122
19.46911
19.20595
19.42317
19.65106
19.53456
19.59753
19.55179
19.56487
19.36168
19.32743
19.25982
19.17634
19.33816
19.31423
19.29137
19.40814
19.14797
19.33889
19.43066
19.46882
19.38184
19.48515
19.39207
19.17875
19.28361
19.47861
19.5227
19.61213
19.62556
19.52856
19.52299
19.72864
19.69108
19.726
19.74078
19.8059
19.75586
19.79778
19.66331
19.64842
19.56898
19.5218
19.63816
19.68086
19.5713
19.72523
19.69135
19.50237
19.55017
19.43905
19.55931
19.45316
19.41035
19.3224
19.55056
19.4502
19.64168
19.6644
19.86408
20.07145
19.97819
19.83532
19.89657
19.91209
19.84896
19.8075
19.83417
19.74312
19.74925
19.52272
19.57958
19.67891
19.48479
19.55238
19.53921
19.40526
19.30607
19.1808
19.08493
19.10652
19.12601
19.03955
19.25581
19.02538
19.09852
19.29766
19.32816
19.248
19.07692
18.98874
19.04909
19.00024
19.0341
19.32972
19.29963
19.3543
19.07565
19.36168
19.29504
19.27539
19.34807
19.17729
19.29105
19.3091
19.60742
19.58152
19.49014
19.30348
19.47566
19.39009
19.4252
19.4292
19.49035
19.45687
19.35217
19.4594
19.39032
19.30982
19.25651
19.34685
19.32733
19.3256
19.20428
19.21514
19.26325
19.22122
19.19395
19.24256
19.24597
19.00617
19.01532
19.22286
19.19755
19.09924
19.36932
19.39179
19.4425
19.58813
19.51484
19.42139
19.50516
19.39432
19.36544
19.42799
19.45078
19.49673
19.20833
19.31369
19.26332
19.16429
19.16688
19.34328
19.36349
19.30825
19.59623
19.56375
19.54887
19.80593
19.70755
19.85619
20.1136
20.18729
20.14671
19.97744
19.90569
19.90815
19.56999
19.62952
19.68333
19.50604
19.55992
19.60504
19.42088
19.22991
19.32072
19.42949
19.37288
19.4863
19.70297
19.60381
19.59866
19.50687
19.39023
19.2611
19.09329
19.00842
18.94791
18.89132
18.93146
19.0603
19.03033
18.94994
18.91726
18.79755
18.68567
18.76624
18.66829
18.9498
18.64144
18.655
18.61795
18.75761
18.94748
19.02721
19.11715
19.05451
19.15883
19.39514
19.48483
19.61298
19.41743
19.44577
19.25483
19.29688
19.31347
19.34587
19.24614
19.44998
19.4047
19.22541
19.2323
19.28805
19.40541
19.39241
19.3891
19.42018
19.63443
19.74164
19.5492
19.46458
19.6133
19.45806
19.46421
19.55149
19.54536
19.36949
19.60037
19.67587
19.71418
19.90943
19.97894
20.05107
19.94872
19.98204
19.89298
20.07195
20.02057
20.02179
20.01554
20.10321
20.14942
20.19003
20.08921
20.02427
19.85659
19.76627
19.8494
19.83591
19.66664
19.88911
19.88817
20.1174
20.26727
19.81008
19.76512
19.59137
19.72847
19.76982
19.65716
19.54314
19.62399
19.57916
19.35728
19.361
19.44844
19.44073
19.49435
19.30417
19.32618
19.27222
19.31145
19.35187
19.10939
19.13554
19.21797
19.27294
19.42631
19.56734
19.55558
19.67548
19.6983
19.55522
19.56823
19.37821
19.33546
19.21764
19.35605
19.40134
19.8416
19.67226
19.70855
19.71578
19.67627
19.84974
20.03259
20.04579
19.96527
19.68412
19.70269
19.85994
19.809
19.63791
19.59443
19.90013
19.99468
20.03796
19.84919
19.73516
19.7908
19.94134
19.81275
19.74671
19.77041
19.80765
19.9573
19.95275
19.89728
20.02488
20.05734
20.02462
20.09467
20.04715
20.16999
19.92538
19.88432
19.6849
19.82296
19.96915
19.96974
19.9447
20.14268
20.09465
20.15883
20.2476
20.1688
20.09289
19.81923
19.72805
19.74188
19.81913
19.70279
19.57172
19.62256
19.62962
19.79026
20.00989
20.00345
19.94606
19.87204
19.88997
19.85887
19.40001
19.31605
19.3259
19.19875
19.02355
18.78094
18.76099
18.75893
18.67288
18.67825
18.69267
18.56653
18.5431
18.58731
18.39984
18.43111
