1.308668
1.338472
1.5874
1.557495
1.717851
1.97895
1.631118
1.775368
2.050534
1.846355
1.641454
1.739125
1.785919
1.942848
1.974614
2.192724
2.233945
2.382698
2.412131
2.204922
2.197862
2.317311
2.359983
2.50239
2.601637
2.66976
2.792562
2.466797
2.320669
2.545777
2.306792
2.253766
2.247206
2.354759
2.171969
2.416328
2.346337
2.237297
2.460347
2.481622
2.82858
2.608433
2.563615
2.364873
2.469777
2.790555
2.744471
3.079879
3.220813
3.278806
2.978537
2.80639
2.779059
2.706951
2.642389
2.582048
2.346932
2.306614
2.10018
2.322056
2.298404
2.441468
2.4665
2.14443
2.012732
1.995514
1.587374
1.596337
1.648325
1.721536
1.72018
1.616768
2.106574
2.189366
2.139986
1.940122
1.880329
2.125091
1.886899
1.990244
1.966121
1.96144
2.19915
2.480911
2.316395
2.202006
2.462941
2.224034
2.468223
2.610726
2.682047
2.593821
2.718445
2.938102
2.680606
2.358333
2.13106
1.963098
2.075534
2.164492
2.160985
2.709351
2.594532
2.864184
2.917622
2.511395
2.563091
2.55907
2.572295
2.645806
2.378074
2.545201
2.450613
2.364661
2.169092
2.413718
2.129657
2.012864
2.103002
2.289598
2.321461
2.427028
2.608947
2.436812
2.654584
2.921787
3.58875
3.391359
3.699616
3.705126
3.680046
3.486641
3.650205
3.238785
3.05419
2.798786
2.567497
2.478519
2.889529
2.851914
2.958431
2.86018
3.320595
3.561604
3.432084
3.280017
2.97049
2.962924
2.661464
2.486807
2.44664
2.460898
2.472032
2.286954
2.306038
2.405907
2.323419
2.413138
2.188156
2.224032
2.152103
2.120209
2.069462
2.361522
2.25289
2.505857
2.329489
2.519759
2.479907
2.563908
2.547316
2.655383
2.731144
2.41014
2.685873
2.749995
2.58233
2.769637
2.924989
2.789411
2.553882
2.516248
2.622574
2.785576
2.588489
2.338311
2.321178
2.198216
2.384477
2.337218
2.661492
2.689976
2.38783
2.25866
2.273556
2.262427
2.746683
3.131588
3.097183
3.007263
2.716373
2.502264
2.35473
2.426754
2.337963
2.417261
2.616017
2.553188
2.364054
2.502543
2.321642
2.247869
2.400178
2.376147
2.500548
2.559549
2.390805
2.257966
2.257661
2.246636
2.392184
2.471083
2.766757
2.589306
2.739679
3.088824
2.731557
2.76951
2.910807
2.877443
2.693105
2.408386
2.518298
2.56846
2.578772
2.462496
2.273143
2.629108
2.867845
2.811116
2.88113
2.580436
2.768512
2.506416
2.462152
2.946956
2.893564
3.14881
2.801486
2.501493
2.475834
2.490268
2.657001
2.290652
2.404444
2.282237
2.117373
2.193821
2.152192
2.072897
2.106594
2.240327
2.300302
2.252251
2.730714
2.598494
2.687601
2.677583
2.37133
2.342623
2.138991
2.011776
2.069101
1.971276
2.121725
2.211664
2.085401
1.88836
2.096308
1.945821
2.345439
2.230675
2.149427
2.285205
2.34469
2.563711
2.710298
2.736729
2.787325
2.792737
2.508704
2.693833
2.413248
2.594689
2.50416
2.521406
2.722182
2.86162
2.667856
2.223191
1.981182
1.870714
2.022986
1.933627
2.044348
1.867939
1.898283
1.907724
1.656762
2.086861
1.732387
1.81078
1.892699
1.881486
2.011094
1.995414
2.024934
2.092517
2.098314
2.229978
2.071001
2.028711
2.083089
2.078107
2.001296
2.045656
2.075632
1.977175
1.899802
1.939922
1.938546
1.975433
1.838354
1.85813
1.901633
2.004695
1.999619
2.306472
2.013563
1.671334
1.552635
1.559608
1.638227
1.68985
1.776382
1.731189
1.641921
1.567458
1.51515
1.581533
1.656331
1.890014
2.106286
2.341025
2.434106
2.146786
2.651174
2.749812
2.802567
2.972056
2.637246
2.658089
2.716691
2.643178
2.985692
3.005855
2.785575
2.476013
2.230078
2.430939
2.802105
2.809144
2.418918
2.352155
2.513416
2.678739
2.7143
2.371763
2.380636
2.679797
2.970089
2.548279
2.505952
2.49984
2.632832
2.581682
2.695801
2.746767
2.457373
2.331978
2.375991
2.347162
2.104793
1.974633
2.325856
2.269492
2.476094
2.513473
2.60118
2.460662
