1.788875
1.870484
1.835632
1.809742
1.771729
1.75473
1.804729
1.743914
1.753074
1.650236
1.835612
1.784125
1.821611
1.702307
1.839727
1.766626
1.778215
1.691493
1.642314
1.743854
1.70648
1.789493
1.727949
1.656485
1.834121
1.710891
1.515842
1.754762
1.765711
1.734424
1.839898
1.737556
1.674359
1.743323
1.689017
1.664639
1.678127
1.774345
1.699101
1.645074
1.679368
1.713142
1.736482
1.709653
1.721955
1.685799
1.636162
1.600263
1.563896
1.608244
1.590939
1.679758
1.694877
1.632417
1.679158
1.652293
1.858761
1.685099
1.767068
1.778745
1.653214
1.650202
1.730081
1.773266
1.68123
1.746337
1.73393
1.73905
1.889231
1.813839
1.698516
1.7902
1.663887
1.769159
1.711117
1.836928
1.78268
1.736218
1.703734
1.785769
1.771393
1.786007
1.840429
1.683538
1.71494
1.757313
1.75078
1.648292
1.673096
1.718604
1.652469
1.728601
1.682064
1.610595
1.663841
1.669058
1.803841
1.640468
1.75452
1.768106
1.774434
1.758414
1.784913
1.507932
1.607167
1.683622
1.633523
1.620307
1.665768
1.660934
1.73567
1.748585
1.717797
1.644733
1.747305
1.70265
1.751177
1.756345
1.757272
1.762767
1.778775
1.600355
1.648549
1.686984
1.705913
1.712995
1.590156
1.592901
1.614964
1.6242
1.576702
1.611308
1.569869
1.593312
1.646842
1.59112
1.649282
1.717928
1.656863
1.624737
1.675103
1.724649
1.663648
1.602731
1.539809
1.71085
1.732293
1.752993
1.645175
1.647755
1.706164
1.688809
1.684624
1.706254
1.722094
1.717704
1.682452
1.696967
1.682505
1.751195
1.773903
1.670029
1.700753
1.727197
1.650989
1.655728
1.678923
1.687908
1.602731
1.700059
1.766811
1.640653
1.642035
1.662053
1.662898
1.644502
1.683881
1.655553
1.646008
1.624269
1.782258
1.729507
1.751339
1.646961
1.751092
1.57992
1.740182
1.722894
1.640374
1.681957
1.664748
1.693471
1.712452
1.732592
1.730147
1.789373
1.621996
1.65431
1.632609
1.681978
1.694686
1.651385
1.730605
1.704474
1.7969
1.722178
1.714908
1.65662
1.713314
1.721816
1.744194
1.6587
1.659588
1.732541
1.665836
1.650779
1.656418
1.755108
1.762304
1.715656
1.695146
1.698256
1.648973
1.647919
1.662371
1.657587
1.703142
1.734878
1.605316
1.720185
1.719435
1.804729
1.640983
1.687116
1.718988
1.620177
1.715844
1.672758
1.645926
1.7419
1.733857
1.561554
1.728828
1.699438
1.685443
1.713978
1.696095
1.707301
1.599186
1.736372
1.671563
1.769955
1.638705
1.690661
1.674359
1.805356
1.687341
1.726
1.646877
1.796983
1.722111
1.665849
1.827645
1.75425
1.711599
1.668218
1.715618
1.719537
1.742128
1.655907
1.666223
1.848659
1.759933
1.792736
1.769573
1.761142
1.659471
1.848794
1.677804
1.881823
1.715684
1.712948
1.743655
1.734926
1.683716
1.715664
1.665877
1.671527
1.616429
1.647139
1.780314
1.797229
1.684096
1.734167
1.735706
1.615777
1.653827
1.654581
1.730536
1.746663
1.672178
1.765416
1.760126
1.728487
1.797075
1.743275
1.745532
1.699532
1.705293
1.72223
1.728482
1.788745
1.817981
1.714097
1.689781
1.728585
1.698639
1.806539
1.702872
1.703637
1.78305
1.78282
1.741457
1.689756
1.712541
1.727585
1.782061
1.784665
1.782108
1.79458
1.733507
1.77877
1.756429
1.721908
1.823543
1.713686
1.76629
1.703547
1.737601
1.656121
1.75564
1.802021
1.936344
1.855025
1.767863
1.808903
1.750368
1.807396
1.85051
1.888276
1.778631
1.812381
1.80726
1.757821
1.853989
1.671343
1.635349
1.581497
1.709625
1.651318
1.720194
1.602025
1.683565
1.703505
1.663947
1.6504
1.683399
1.617732
1.729833
1.676866
1.681093
1.761162
1.662646
1.693943
1.628622
1.670293
1.660828
1.709117
1.59424
1.740506
1.645231
1.715865
1.809438
1.727327
1.724947
1.700218
1.75739
1.671946
1.771756
1.711184
1.667164
1.760736
1.756088
1.833056
1.77615
1.752212
1.755131
1.717146
1.762009
1.695991
