1.571824
1.615685
1.633613
1.599729
1.563804
1.565521
1.559265
1.609629
1.574978
1.481386
1.498203
1.617879
1.575434
1.656375
1.546688
1.599574
1.504355
1.529217
1.571584
1.602691
1.631408
1.557976
1.528424
1.649317
1.613029
1.559062
1.634181
1.58291
1.563736
1.609211
1.622017
1.623631
1.664456
1.581641
1.649485
1.619011
1.581254
1.652885
1.641066
1.618403
1.53526
1.567046
1.574891
1.562584
1.610286
1.624534
1.585383
1.509059
1.550722
1.638747
1.620572
1.643615
1.643625
1.58813
1.523803
1.586555
1.68055
1.619975
1.633419
1.615836
1.613462
1.592248
1.593398
1.522962
1.471619
1.637373
1.529806
1.557469
1.625682
1.58406
1.615489
1.629486
1.645037
1.619186
1.552167
1.563509
1.654981
1.605755
1.59137
1.746571
1.613462
1.590109
1.616247
1.545628
1.645504
1.639791
1.555693
1.670226
1.599934
1.587591
1.523594
1.557661
1.605526
1.508916
1.545259
1.627362
1.681777
1.607636
1.661822
1.620576
1.58057
1.553757
1.622031
1.527524
1.555511
1.437407
1.538903
1.563128
1.481749
1.50011
1.519161
1.685907
1.572123
1.571732
1.544899
1.606066
1.539652
1.633286
1.613545
1.562807
1.522851
1.639551
1.59083
1.567247
1.647314
1.597084
1.54906
1.529946
1.645328
1.626584
1.52487
1.547036
1.592434
1.563374
1.65452
1.605661
1.581254
1.597788
1.510916
1.641531
1.575387
1.592746
1.575815
1.594017
1.676826
1.639493
1.644361
1.581675
1.670709
1.625621
1.588661
1.580373
1.578906
1.609895
1.634794
1.54598
1.551688
1.637631
1.594642
1.619377
1.595275
1.662599
1.655085
1.593218
1.583384
1.563178
1.608376
1.601369
1.62989
1.592178
1.616105
1.588743
1.551351
1.592195
1.56487
1.615416
1.662418
1.607386
1.653601
1.616632
1.592596
1.611254
1.649772
1.636972
1.552192
1.626501
1.579342
1.585351
1.629186
1.578982
1.603702
1.554776
1.614299
1.642797
1.550907
1.643109
1.552071
1.650055
1.625078
1.600343
1.635778
1.56705
1.628509
1.599245
1.628781
1.564526
1.715392
1.636711
1.609315
1.728671
1.603304
1.611063
1.567216
1.664035
1.555233
1.628134
1.658163
1.526098
1.622096
1.541315
1.572757
1.638144
1.519761
1.636602
1.662242
1.603726
1.637783
1.629192
1.643733
1.657673
1.616963
1.633859
1.58273
1.587518
1.561875
1.673037
1.561543
1.554709
1.56488
1.55731
1.535675
1.591555
1.650028
1.62696
1.556017
1.644437
1.57176
1.525627
1.612079
1.599824
1.611747
1.546016
1.484261
1.499053
1.54708
1.610867
1.537596
1.51367
1.516167
1.557338
1.582393
1.593133
1.610722
1.62437
1.637238
1.575846
1.576989
1.644466
1.735248
1.5885
1.696111
1.626431
1.63578
1.585377
1.56333
1.596342
1.611352
1.650153
1.597138
1.594912
1.610687
1.572628
1.602022
1.561471
1.596158
1.612558
1.515989
1.593291
1.591154
1.631246
1.558817
1.599999
1.617254
1.617655
1.569054
1.582925
1.557028
1.600154
1.638939
1.557173
1.601353
1.521986
1.643173
1.573401
1.66593
1.582749
1.608471
1.555977
1.549582
1.631703
1.568584
1.559687
1.566993
1.579069
1.551074
1.570223
1.559339
1.500213
1.547672
1.527522
1.577722
1.607394
1.536529
1.547391
1.676775
1.588648
1.568872
1.631265
1.555464
1.546026
1.641033
1.691164
1.590931
1.584722
1.632635
1.676187
1.632234
1.67137
1.560311
1.650005
1.688213
1.623164
1.663294
1.592696
1.65114
1.626168
1.580597
1.669656
1.645316
1.735415
1.625419
1.632426
1.650152
1.633752
1.688914
1.690476
1.633588
1.682596
1.646384
1.67982
1.685139
1.701697
1.587593
1.711329
1.663801
1.644089
1.641428
1.528825
1.55837
1.658942
1.587344
1.620454
1.70736
1.680466
1.670665
1.648077
1.606447
1.699616
1.632783
1.576859
1.600005
1.590809
1.597726
1.644273
1.638433
1.607647
1.665987
1.688068
1.697389
1.610511
1.648367
1.671538
1.72883
1.613402
1.648568
1.689334
1.616355
1.617831
1.680468
1.638548
